17179
6912
1411
19105
22401
2987
22798
19018
2570
12329
5972
1994
21071
9226
9966
23821
13533
3786
17590
574
16856
7001
16645
15214
24655
15366
7852
23620
2828
2938
22719
8129
15378
6978
15689
7778
6588
1821
9965
21504
677
3549
15082
195
3640
3427
17728
22089
22756
9031
20612
3147
24410
12787
1063
20228
24030
11843
13152
16445
21384
20083
10353
2263
425
15087
10520
13898
7820
625
11003
20483
8646
5405
13279
18428
14666
8624
6937
11618
1776
22824
2933
1485
17942
1705
6181
4014
1175
14709
19768
8924
3868
17552
22025
3749
395
6240
19458
12335
